9 37 0
10 38 0
11 39 0
12 40 0
13 41 0
9 42 1
9 43 1
10 44 1
10 45 1
11 46 1
11 47 1
12 48 1
12 49 1
13 50 1
13 51 1
9 52 2
9 53 2
9 54 2
9 55 2
10 56 2
10 57 2
10 58 2
10 59 2
11 60 2
11 61 2
11 62 2
11 63 2
12 64 2
12 65 2
12 66 2
12 67 2
13 68 2
13 69 2
13 70 2
13 71 2
9 72 3
9 73 3
9 74 3
9 75 3
9 76 3
9 77 3
9 78 3
9 79 3
10 80 3
10 81 3
10 82 3
10 83 3
10 84 3
10 85 3
10 86 3
10 87 3
11 88 3
11 89 3
11 90 3
11 91 3
11 92 3
11 93 3
11 94 3
11 95 3
12 96 3
12 97 3
12 98 3
12 99 3
12 100 3
12 101 3
12 102 3
12 103 3
13 103 3
13 104 2
13 105 2
13 106 2
13 107 2
13 108 3
13 109 3
13 110 3
13 111 3
13 112 3
13 113 3
13 114 3
13 115 3
9 115 4
9 116 3
9 117 3
9 118 3
9 119 3
9 120 3
9 121 3
9 122 3
9 123 3
10 123 4
10 124 3
10 125 3
10 126 3
10 127 3
10 128 3
10 129 3
10 130 3
10 131 3
11 131 4
11 132 3
11 133 3
11 134 3
11 135 3
11 136 3
11 137 3
11 138 3
11 139 3
12 139 4
12 140 3
12 141 3
12 142 3
12 143 3
12 144 3
12 145 3
12 146 3
12 147 3
13 147 4
13 148 3
13 149 3
13 150 3
13 151 3
9 152 4
10 153 4
11 154 4